positive/1636040796.6734996.png 1 75 464 205 115
positive/1636040803.0065348.png 2 635 350 176 109 877 69 114 32
positive/1636040807.140434.png 1 202 83 103 22
positive/1636040813.5986066.png 1 914 525 259 174
positive/1636040820.6546168.png 1 621 273 114 53
positive/1636040832.996575.png 2 982 122 107 46 382 423 183 93
positive/1636040836.2387733.png 1 779 209 95 40
positive/1636040839.7726963.png 1 774 429 196 128
positive/1636040875.9330752.png 1 417 347 135 49
positive/1636040903.159628.png 1 492 101 109 40
positive/1636040908.5756054.png 1 777 226 140 62
positive/1636040916.4877453.png 1 686 181 121 54
positive/1636040958.2672772.png 1 638 190 100 38
positive/1636041212.1208477.png 1 598 161 83 22
positive/1636041214.8458326.png 1 109 194 99 16
positive/1636041217.5796318.png 1 891 178 108 31
positive/1636041221.7367182.png 1 511 120 80 24
positive/1636041230.1497319.png 1 554 230 119 32
positive/1636041237.0354817.png 2 1005 133 111 37 90 85 114 26
positive/1636041286.4243832.png 2 442 127 78 20 642 103 63 20
positive/1636041288.8163211.png 2 589 140 92 25 793 114 83 22
positive/1636041292.2272754.png 2 306 48 78 27 100 115 120 33
positive/1636041296.7255237.png 2 731 128 91 26 954 108 79 20
positive/1636041321.2773015.png 1 885 206 82 24
positive/1636041325.4802577.png 1 537 70 87 25
positive/1636041349.8802876.png 1 561 198 98 29
positive/1636041353.2003074.png 1 346 182 71 15
positive/1636041357.7551572.png 1 409 192 80 21
positive/1636041360.3013573.png 1 690 184 82 27
positive/1636041363.4671614.png 1 446 125 86 23
positive/1636041367.6483111.png 1 379 88 107 28
positive/1636041370.4935076.png 1 845 71 94 34
positive/1636041376.8592644.png 2 249 348 80 24 1119 366 143 37
positive/1636041456.0675178.png 1 703 175 70 19
positive/1636041471.0857353.png 1 558 44 78 21
positive/1636041503.8812697.png 1 709 184 122 33
positive/1636041513.510071.png 2 761 170 65 12 88 248 105 17
positive/1636041551.6062956.png 1 826 267 135 48
positive/1636041554.6143386.png 1 526 250 135 37
positive/1636041558.7103915.png 1 113 290 197 43
positive/1636041562.5533729.png 1 355 84 147 70
positive/1636041626.5110283.png 1 367 174 120 33
positive/1636041630.119037.png 1 750 171 119 30
positive/1636041683.191679.png 1 698 102 110 28
positive/1636041714.3868384.png 1 753 161 77 21
positive/1636041724.8750083.png 1 549 203 179 47
positive/1636041727.4858737.png 1 215 232 171 38
positive/1636041730.8961005.png 1 882 225 174 56
positive/1636041737.9682193.png 1 831 259 152 47
positive/1636041743.120275.png 1 576 40 151 69
positive/1636041828.2012563.png 2 478 291 105 68 738 105 74 39
positive/1636041831.713329.png 1 689 288 113 58
positive/1636041835.1693852.png 2 243 113 92 25 116 376 142 65
positive/1636041841.5883179.png 1 772 199 100 58
positive/1636041846.1993465.png 1 286 111 91 47
positive/1636041856.1696398.png 2 511 300 122 59 817 138 77 28
positive/1636041876.0529523.png 2 579 167 133 27 761 95 78 27
positive/1636041877.2716947.png 2 745 165 116 38 958 102 86 28
positive/1636041878.7219176.png 2 289 177 148 29 430 92 81 29
positive/1636041893.252966.png 2 544 161 115 43 1033 426 242 162
positive/1636041894.2020879.png 1 584 278 179 72
positive/1636041904.221212.png 1 729 135 102 25
positive/1636041919.904289.png 1 383 141 96 22
positive/1636041921.1574779.png 1 629 136 93 24
positive/1636041924.3144722.png 2 632 156 103 27 710 199 150 39
positive/1636041927.3946471.png 1 645 8 131 42
positive/1636041929.7865505.png 2 704 337 151 20 625 313 83 15
positive/1636041931.541497.png 2 723 178 128 43 630 135 96 24
positive/1636041949.360606.png 2 601 200 123 39 963 163 96 25
positive/1636041950.2166817.png 2 337 215 143 32 646 152 97 21
positive/1636041952.1709921.png 1 535 134 81 14
positive/1636042186.8079965.png 1 532 139 116 66
positive/1636042189.3009622.png 1 701 248 131 56
positive/1636042191.4530275.png 1 158 138 174 64
positive/1636042192.554143.png 1 176 253 147 44
positive/1636042211.4877086.png 1 359 115 98 31
positive/1636042212.7618206.png 1 705 196 112 46
positive/1636042214.6178296.png 1 995 283 106 28
positive/1636042229.8736327.png 1 381 153 106 34
positive/1636042231.0496306.png 1 735 268 89 22
positive/1636042233.0474672.png 1 937 370 91 27
positive/1636042234.1115837.png 1 495 364 84 21
positive/1636042235.7354655.png 1 94 84 125 28
positive/1636042241.6255422.png 1 897 227 89 42
positive/1636042244.383358.png 1 666 75 95 39
positive/1636042271.8681846.png 1 460 263 128 42
positive/1636042272.7751288.png 2 123 133 79 17 927 313 152 82
positive/1636042275.5670877.png 2 59 159 75 21 901 318 142 78
positive/1636042277.8523216.png 1 439 31 157 88
positive/1636042279.580162.png 1 279 247 142 67
positive/1636042624.7441978.png 1 582 177 145 51
positive/1636042628.3500128.png 1 909 298 108 33
positive/1636042631.9361534.png 2 139 205 155 52 489 41 86 21
positive/1636042638.6961598.png 1 426 169 137 54
positive/1636042643.9019873.png 1 829 113 139 67
positive/1636042647.6673021.png 2 671 154 161 66 214 57 89 26
positive/1636042658.2562253.png 1 416 187 143 44
positive/1636042662.622129.png 1 780 197 128 48
positive/1636042665.6641471.png 1 457 105 137 47
positive/1636042668.286048.png 1 75 138 156 59
positive/1636042672.5763183.png 1 771 109 142 47
positive/1636042675.7522204.png 1 898 374 139 32
positive/1636042679.4860582.png 1 321 237 151 39
positive/1636042680.6882005.png 1 28 46 163 49
positive/1636042697.4381583.png 1 452 120 115 29
positive/1636042705.6963694.png 1 706 189 118 29
positive/1636042707.248293.png 1 933 309 129 28
positive/1636042709.1522586.png 1 695 91 107 32
positive/1636042711.1181746.png 1 30 104 163 47
positive/1636042759.059343.png 1 668 38 103 33
positive/1636042760.3524132.png 1 59 91 128 30
positive/1636042769.558334.png 1 824 168 95 25
positive/1636042770.6114295.png 1 807 280 112 26
positive/1636042771.7525988.png 1 978 333 137 21
positive/1636042782.4645998.png 1 291 222 102 19
positive/1636042785.6277366.png 1 78 234 118 20
positive/1636042876.6969016.png 1 196 227 125 40
positive/1636042877.814854.png 1 676 196 103 47
positive/1636042878.950801.png 1 1058 448 120 45
positive/1636042891.6469772.png 1 416 378 112 37
positive/1636042892.7588553.png 1 827 383 101 40
positive/1636042894.4788785.png 1 1140 427 135 56
positive/1636042896.2569776.png 1 209 303 123 44
positive/1636042897.217036.png 1 318 177 120 42
positive/1636042951.8311517.png 1 696 197 101 43
positive/1636042952.5002544.png 1 384 203 83 43
positive/1636042953.8202462.png 1 227 216 122 45
positive/1636042962.5642672.png 1 411 175 95 44
positive/1636042964.2414525.png 1 613 205 109 39
positive/1636042965.6014123.png 1 759 187 111 42
positive/1636042966.7774508.png 1 58 134 111 77
positive/1636042970.023287.png 1 763 308 125 54
positive/1636042985.561507.png 1 481 277 117 43
positive/1636042987.0764403.png 1 915 295 147 52
positive/1636042988.0815098.png 1 1088 430 190 61
positive/1636042991.119404.png 1 388 431 149 37
positive/1636042992.7135756.png 1 135 254 159 47
positive/1636043042.095707.png 1 593 232 114 37
positive/1636043043.1837604.png 1 316 248 110 22
positive/1636043044.1168709.png 1 285 237 158 41
positive/1636043047.2659173.png 1 776 342 114 36
positive/1636043048.5698895.png 1 1113 370 131 48
positive/1636043050.0158048.png 1 841 64 126 68
positive/1636043050.761959.png 1 501 66 120 49
positive/1636043051.804855.png 1 95 192 169 51
positive/1636043086.479972.png 1 223 310 119 31
positive/1636043223.086108.png 1 439 307 153 51
positive/1636043224.555175.png 2 321 225 107 24 10 374 135 74
positive/1636043226.177087.png 1 611 105 191 102
positive/1636043227.1471326.png 1 853 332 208 68
positive/1636043229.0970058.png 2 201 230 204 99 707 72 94 35
positive/1636043236.3471973.png 2 671 271 152 68 459 160 100 35
positive/1636043236.985293.png 1 333 270 179 74
positive/1636043278.2786016.png 1 627 172 170 58
positive/1636043279.5744953.png 1 280 35 169 67
positive/1636043281.1214523.png 1 928 81 182 75
positive/1636043282.7315874.png 1 921 295 178 64
positive/1636043291.1316903.png 1 596 176 79 22
positive/1636043304.2576368.png 1 606 198 123 39
positive/1636043305.1557758.png 1 320 199 132 48
positive/1636043306.9477816.png 1 160 46 164 53
positive/1636043307.977847.png 1 780 119 151 52
positive/1636043308.9907074.png 1 1066 307 143 42
positive/1636043368.5883038.png 1 458 243 116 53
positive/1636043369.7323155.png 1 817 153 106 44
positive/1636043371.25229.png 1 193 55 115 51
positive/1636043376.804695.png 1 505 290 114 49
positive/1636043378.330286.png 1 960 356 142 43
positive/1636043379.6524389.png 1 1061 371 146 43
positive/1636043384.1644626.png 1 78 107 140 74
positive/1636043400.4605844.png 2 733 267 115 51 232 184 83 21
positive/1636043402.7726262.png 1 1045 427 165 48
positive/1636043404.5835526.png 1 446 201 124 46
positive/1636043413.3966682.png 1 1106 402 137 54
positive/1636043415.3566875.png 2 615 260 103 40 35 190 107 29
positive/1636043445.5308857.png 1 173 59 144 42
positive/1636043446.4049351.png 1 375 132 115 50
positive/1636043447.2213778.png 1 623 258 108 33
positive/1636043448.6930575.png 1 912 365 131 36
positive/1636043449.5329864.png 1 915 392 125 35
